static_huffman_bootstrap -> main_literals

bits code
7    256-279
8    0-143
9    144-255

code, bits, symbol, reverse_symbol
                 symbol   reverse_symbol
(256, 7, 0, 0)   000_0000 000_0000
(257, 7, 1, 64)  000_0001 100_0000
(258, 7, 2, 32)  000_0010 010_0000
(259, 7, 3, 96)  000_0011 110_0000
(260, 7, 4, 16)
(261, 7, 5, 80)
(262, 7, 6, 48)
(263, 7, 7, 112)
(264, 7, 8, 8)   000_1000 000_1000
(265, 7, 9, 72)
(266, 7, 10, 40)
(267, 7, 11, 104)
(268, 7, 12, 24)
(269, 7, 13, 88)
(270, 7, 14, 56)
(271, 7, 15, 120)
(272, 7, 16, 4)
(273, 7, 17, 68)
(274, 7, 18, 36)
(275, 7, 19, 100)
(276, 7, 20, 20)
(277, 7, 21, 84)
(278, 7, 22, 52)
(279, 7, 23, 116)
         24 << (8-7) = 24 << 1 = 48
         00011000 00110000
(0, 8, 48, 12)    0011_0000  0000_1100
(1, 8, 49, 140)   0011_0001  1000_1100
(2, 8, 50, 76)
(3, 8, 51, 204)
(4, 8, 52, 44)
(5, 8, 53, 172)
(6, 8, 54, 108)
(7, 8, 55, 236)
(8, 8, 56, 28)
(9, 8, 57, 156)
(10, 8, 58, 92)
(11, 8, 59, 220)
(12, 8, 60, 60)
(13, 8, 61, 188)
(14, 8, 62, 124)
(15, 8, 63, 252)
(16, 8, 64, 2)
(17, 8, 65, 130)
(18, 8, 66, 66)
(19, 8, 67, 194)
(20, 8, 68, 34)
(21, 8, 69, 162)
(22, 8, 70, 98)
(23, 8, 71, 226)
(24, 8, 72, 18)
(25, 8, 73, 146)
(26, 8, 74, 82)
(27, 8, 75, 210)
(28, 8, 76, 50)
(29, 8, 77, 178)
(30, 8, 78, 114)
(31, 8, 79, 242)
(32, 8, 80, 10)
(33, 8, 81, 138)
(34, 8, 82, 74)
(35, 8, 83, 202)
(36, 8, 84, 42)
(37, 8, 85, 170)
(38, 8, 86, 106)
(39, 8, 87, 234)
(40, 8, 88, 26)
(41, 8, 89, 154)
(42, 8, 90, 90)
(43, 8, 91, 218)
(44, 8, 92, 58)
(45, 8, 93, 186)
(46, 8, 94, 122)
(47, 8, 95, 250)
(48, 8, 96, 6)
(49, 8, 97, 134)
(50, 8, 98, 70)
(51, 8, 99, 198)
(52, 8, 100, 38)
(53, 8, 101, 166)
(54, 8, 102, 102)
(55, 8, 103, 230)
(56, 8, 104, 22)
(57, 8, 105, 150)
(58, 8, 106, 86)
(59, 8, 107, 214)
(60, 8, 108, 54)
(61, 8, 109, 182)
(62, 8, 110, 118)
(63, 8, 111, 246)
(64, 8, 112, 14)
(65, 8, 113, 142)
(66, 8, 114, 78)
(67, 8, 115, 206)
(68, 8, 116, 46)
(69, 8, 117, 174)
(70, 8, 118, 110)
(71, 8, 119, 238)
(72, 8, 120, 30)
(73, 8, 121, 158)
(74, 8, 122, 94)
(75, 8, 123, 222)
(76, 8, 124, 62)
(77, 8, 125, 190)
(78, 8, 126, 126)
(79, 8, 127, 254)
(80, 8, 128, 1)
(81, 8, 129, 129)
(82, 8, 130, 65)
(83, 8, 131, 193)
(84, 8, 132, 33)
(85, 8, 133, 161)
(86, 8, 134, 97)
(87, 8, 135, 225)
(88, 8, 136, 17)
(89, 8, 137, 145)
(90, 8, 138, 81)
(91, 8, 139, 209)
(92, 8, 140, 49)
(93, 8, 141, 177)
(94, 8, 142, 113)
(95, 8, 143, 241)
(96, 8, 144, 9)
(97, 8, 145, 137)
(98, 8, 146, 73)
(99, 8, 147, 201)
(100, 8, 148, 41)
(101, 8, 149, 169)
(102, 8, 150, 105)
(103, 8, 151, 233)
(104, 8, 152, 25)
(105, 8, 153, 153)
(106, 8, 154, 89)
(107, 8, 155, 217)
(108, 8, 156, 57)
(109, 8, 157, 185)
(110, 8, 158, 121)
(111, 8, 159, 249)
(112, 8, 160, 5)
(113, 8, 161, 133)
(114, 8, 162, 69)
(115, 8, 163, 197)
(116, 8, 164, 37)
(117, 8, 165, 165)
(118, 8, 166, 101)
(119, 8, 167, 229)
(120, 8, 168, 21)
(121, 8, 169, 149)
(122, 8, 170, 85)
(123, 8, 171, 213)
(124, 8, 172, 53)
(125, 8, 173, 181)
(126, 8, 174, 117)
(127, 8, 175, 245)
(128, 8, 176, 13)
(129, 8, 177, 141)
(130, 8, 178, 77)
(131, 8, 179, 205)
(132, 8, 180, 45)
(133, 8, 181, 173)
(134, 8, 182, 109)
(135, 8, 183, 237)
(136, 8, 184, 29)
(137, 8, 185, 157)
(138, 8, 186, 93)
(139, 8, 187, 221)
(140, 8, 188, 61)
(141, 8, 189, 189)
(142, 8, 190, 125)
(143, 8, 191, 253)
(280, 8, 192, 3)
(281, 8, 193, 131)
(282, 8, 194, 67)
(283, 8, 195, 195)
(284, 8, 196, 35)
(285, 8, 197, 163)
(286, 8, 198, 99)
(287, 8, 199, 227)
         200 << (9-8) = 200 << 1 = 400
         1100_1000 1_1001_0000
(144, 9, 400, 19)   1_1001_0000 0_0001_0011
(145, 9, 401, 275)
(146, 9, 402, 147)
(147, 9, 403, 403)
(148, 9, 404, 83)
(149, 9, 405, 339)
(150, 9, 406, 211)
(151, 9, 407, 467)
(152, 9, 408, 51)
(153, 9, 409, 307)
(154, 9, 410, 179)
(155, 9, 411, 435)
(156, 9, 412, 115)
(157, 9, 413, 371)
(158, 9, 414, 243)
(159, 9, 415, 499)
(160, 9, 416, 11)
(161, 9, 417, 267)
(162, 9, 418, 139)
(163, 9, 419, 395)
(164, 9, 420, 75)
(165, 9, 421, 331)
(166, 9, 422, 203)
(167, 9, 423, 459)
(168, 9, 424, 43)
(169, 9, 425, 299)
(170, 9, 426, 171)
(171, 9, 427, 427)
(172, 9, 428, 107)
(173, 9, 429, 363)
(174, 9, 430, 235)
(175, 9, 431, 491)
(176, 9, 432, 27)
(177, 9, 433, 283)
(178, 9, 434, 155)
(179, 9, 435, 411)
(180, 9, 436, 91)
(181, 9, 437, 347)
(182, 9, 438, 219)
(183, 9, 439, 475)
(184, 9, 440, 59)
(185, 9, 441, 315)
(186, 9, 442, 187)
(187, 9, 443, 443)
(188, 9, 444, 123)
(189, 9, 445, 379)
(190, 9, 446, 251)
(191, 9, 447, 507)
(192, 9, 448, 7)
(193, 9, 449, 263)
(194, 9, 450, 135)
(195, 9, 451, 391)
(196, 9, 452, 71)
(197, 9, 453, 327)
(198, 9, 454, 199)
(199, 9, 455, 455)
(200, 9, 456, 39)
(201, 9, 457, 295)
(202, 9, 458, 167)
(203, 9, 459, 423)
(204, 9, 460, 103)
(205, 9, 461, 359)
(206, 9, 462, 231)
(207, 9, 463, 487)
(208, 9, 464, 23)
(209, 9, 465, 279)
(210, 9, 466, 151)
(211, 9, 467, 407)
(212, 9, 468, 87)
(213, 9, 469, 343)
(214, 9, 470, 215)
(215, 9, 471, 471)
(216, 9, 472, 55)
(217, 9, 473, 311)
(218, 9, 474, 183)
(219, 9, 475, 439)
(220, 9, 476, 119)
(221, 9, 477, 375)
(222, 9, 478, 247)
(223, 9, 479, 503)
(224, 9, 480, 15)
(225, 9, 481, 271)
(226, 9, 482, 143)
(227, 9, 483, 399)
(228, 9, 484, 79)
(229, 9, 485, 335)
(230, 9, 486, 207)
(231, 9, 487, 463)
(232, 9, 488, 47)
(233, 9, 489, 303)
(234, 9, 490, 175)
(235, 9, 491, 431)
(236, 9, 492, 111)
(237, 9, 493, 367)
(238, 9, 494, 239)
(239, 9, 495, 495)
(240, 9, 496, 31)
(241, 9, 497, 287)
(242, 9, 498, 159)
(243, 9, 499, 415)
(244, 9, 500, 95)
(245, 9, 501, 351)
(246, 9, 502, 223)
(247, 9, 503, 479)
(248, 9, 504, 63)
(249, 9, 505, 319)
(250, 9, 506, 191)
(251, 9, 507, 447)
(252, 9, 508, 127)
(253, 9, 509, 383)
(254, 9, 510, 255)
(255, 9, 511, 511)
